{
 "cells": [
  {
   "cell_type": "markdown",
   "metadata": {},
   "source": [
    "# Project 2: Pipelines and optimisations"
   ]
  },
  {
   "cell_type": "markdown",
   "metadata": {},
   "source": [
    "# Part 1: Data exploration"
   ]
  },
  {
   "cell_type": "markdown",
   "metadata": {},
   "source": [
    "# 1.1   what a frequency is:\n",
    "              In general, frequency is a measurement of how often something happens in a period of time."
   ]
  },
  {
   "cell_type": "markdown",
   "metadata": {},
   "source": [
    "# 1.2  what the median frequency means\n",
    "              "
   ]
  },
  {
   "cell_type": "markdown",
   "metadata": {},
   "source": [
    "# 1.3  what the output label is:\n",
    "             Output lavel is our prediction the voice is either male or female. We need to convert in binary format 1 or 0.  "
   ]
  },
  {
   "cell_type": "markdown",
   "metadata": {},
   "source": [
    "# Data preprocessing"
   ]
  },
  {
   "cell_type": "code",
   "execution_count": 18,
   "metadata": {},
   "outputs": [
    {
     "name": "stdout",
     "output_type": "stream",
     "text": [
      "Populating the interactive namespace from numpy and matplotlib\n"
     ]
    }
   ],
   "source": [
    "%pylab inline\n",
    "import pandas as pd\n",
    "import seaborn as sns"
   ]
  },
  {
   "cell_type": "code",
   "execution_count": 19,
   "metadata": {},
   "outputs": [],
   "source": [
    "#data_url = \"https://github.com/sarker24/ML_Assignment02/blob/master/voice.csv\"\n",
    "#df = pd.read_csv(data_url)\n",
    "df = pd.read_csv(r'C:\\Users\\sarke\\Desktop\\Ml_Assignment02\\voice.csv')"
   ]
  },
  {
   "cell_type": "code",
   "execution_count": 20,
   "metadata": {},
   "outputs": [
    {
     "data": {
      "text/html": [
       "<div>\n",
       "<style scoped>\n",
       "    .dataframe tbody tr th:only-of-type {\n",
       "        vertical-align: middle;\n",
       "    }\n",
       "\n",
       "    .dataframe tbody tr th {\n",
       "        vertical-align: top;\n",
       "    }\n",
       "\n",
       "    .dataframe thead th {\n",
       "        text-align: right;\n",
       "    }\n",
       "</style>\n",
       "<table border=\"1\" class=\"dataframe\">\n",
       "  <thead>\n",
       "    <tr style=\"text-align: right;\">\n",
       "      <th></th>\n",
       "      <th>meanfreq</th>\n",
       "      <th>sd</th>\n",
       "      <th>median</th>\n",
       "      <th>Q25</th>\n",
       "      <th>Q75</th>\n",
       "      <th>IQR</th>\n",
       "      <th>skew</th>\n",
       "      <th>kurt</th>\n",
       "      <th>sp.ent</th>\n",
       "      <th>sfm</th>\n",
       "      <th>...</th>\n",
       "      <th>centroid</th>\n",
       "      <th>meanfun</th>\n",
       "      <th>minfun</th>\n",
       "      <th>maxfun</th>\n",
       "      <th>meandom</th>\n",
       "      <th>mindom</th>\n",
       "      <th>maxdom</th>\n",
       "      <th>dfrange</th>\n",
       "      <th>modindx</th>\n",
       "      <th>label</th>\n",
       "    </tr>\n",
       "  </thead>\n",
       "  <tbody>\n",
       "    <tr>\n",
       "      <th>2029</th>\n",
       "      <td>0.110500</td>\n",
       "      <td>0.100262</td>\n",
       "      <td>0.072841</td>\n",
       "      <td>0.001550</td>\n",
       "      <td>0.215941</td>\n",
       "      <td>0.214391</td>\n",
       "      <td>25.047816</td>\n",
       "      <td>683.368036</td>\n",
       "      <td>0.782244</td>\n",
       "      <td>0.392785</td>\n",
       "      <td>...</td>\n",
       "      <td>0.110500</td>\n",
       "      <td>0.155282</td>\n",
       "      <td>0.016736</td>\n",
       "      <td>0.275862</td>\n",
       "      <td>0.007812</td>\n",
       "      <td>0.007812</td>\n",
       "      <td>0.007812</td>\n",
       "      <td>0.000000</td>\n",
       "      <td>0.000000</td>\n",
       "      <td>female</td>\n",
       "    </tr>\n",
       "    <tr>\n",
       "      <th>2272</th>\n",
       "      <td>0.214582</td>\n",
       "      <td>0.032225</td>\n",
       "      <td>0.217439</td>\n",
       "      <td>0.201035</td>\n",
       "      <td>0.231553</td>\n",
       "      <td>0.030518</td>\n",
       "      <td>2.033460</td>\n",
       "      <td>6.309048</td>\n",
       "      <td>0.843965</td>\n",
       "      <td>0.199944</td>\n",
       "      <td>...</td>\n",
       "      <td>0.214582</td>\n",
       "      <td>0.175978</td>\n",
       "      <td>0.047761</td>\n",
       "      <td>0.271186</td>\n",
       "      <td>0.984809</td>\n",
       "      <td>0.210938</td>\n",
       "      <td>6.445312</td>\n",
       "      <td>6.234375</td>\n",
       "      <td>0.152111</td>\n",
       "      <td>female</td>\n",
       "    </tr>\n",
       "    <tr>\n",
       "      <th>3162</th>\n",
       "      <td>0.146023</td>\n",
       "      <td>0.092525</td>\n",
       "      <td>0.183434</td>\n",
       "      <td>0.041747</td>\n",
       "      <td>0.224337</td>\n",
       "      <td>0.182590</td>\n",
       "      <td>1.384981</td>\n",
       "      <td>5.118927</td>\n",
       "      <td>0.948999</td>\n",
       "      <td>0.659825</td>\n",
       "      <td>...</td>\n",
       "      <td>0.146023</td>\n",
       "      <td>0.195640</td>\n",
       "      <td>0.039506</td>\n",
       "      <td>0.275862</td>\n",
       "      <td>0.533854</td>\n",
       "      <td>0.007812</td>\n",
       "      <td>2.992188</td>\n",
       "      <td>2.984375</td>\n",
       "      <td>0.258924</td>\n",
       "      <td>female</td>\n",
       "    </tr>\n",
       "    <tr>\n",
       "      <th>2733</th>\n",
       "      <td>0.195983</td>\n",
       "      <td>0.043162</td>\n",
       "      <td>0.189241</td>\n",
       "      <td>0.165586</td>\n",
       "      <td>0.228828</td>\n",
       "      <td>0.063241</td>\n",
       "      <td>1.740913</td>\n",
       "      <td>6.555623</td>\n",
       "      <td>0.887627</td>\n",
       "      <td>0.302533</td>\n",
       "      <td>...</td>\n",
       "      <td>0.195983</td>\n",
       "      <td>0.158865</td>\n",
       "      <td>0.048632</td>\n",
       "      <td>0.277457</td>\n",
       "      <td>0.473895</td>\n",
       "      <td>0.023438</td>\n",
       "      <td>1.007812</td>\n",
       "      <td>0.984375</td>\n",
       "      <td>0.222008</td>\n",
       "      <td>female</td>\n",
       "    </tr>\n",
       "    <tr>\n",
       "      <th>428</th>\n",
       "      <td>0.182306</td>\n",
       "      <td>0.063664</td>\n",
       "      <td>0.202391</td>\n",
       "      <td>0.123261</td>\n",
       "      <td>0.235362</td>\n",
       "      <td>0.112101</td>\n",
       "      <td>2.871496</td>\n",
       "      <td>14.276294</td>\n",
       "      <td>0.921860</td>\n",
       "      <td>0.580524</td>\n",
       "      <td>...</td>\n",
       "      <td>0.182306</td>\n",
       "      <td>0.107974</td>\n",
       "      <td>0.029466</td>\n",
       "      <td>0.231884</td>\n",
       "      <td>0.670759</td>\n",
       "      <td>0.132812</td>\n",
       "      <td>4.265625</td>\n",
       "      <td>4.132812</td>\n",
       "      <td>0.181765</td>\n",
       "      <td>male</td>\n",
       "    </tr>\n",
       "  </tbody>\n",
       "</table>\n",
       "<p>5 rows × 21 columns</p>\n",
       "</div>"
      ],
      "text/plain": [
       "      meanfreq        sd    median       Q25       Q75       IQR       skew  \\\n",
       "2029  0.110500  0.100262  0.072841  0.001550  0.215941  0.214391  25.047816   \n",
       "2272  0.214582  0.032225  0.217439  0.201035  0.231553  0.030518   2.033460   \n",
       "3162  0.146023  0.092525  0.183434  0.041747  0.224337  0.182590   1.384981   \n",
       "2733  0.195983  0.043162  0.189241  0.165586  0.228828  0.063241   1.740913   \n",
       "428   0.182306  0.063664  0.202391  0.123261  0.235362  0.112101   2.871496   \n",
       "\n",
       "            kurt    sp.ent       sfm   ...    centroid   meanfun    minfun  \\\n",
       "2029  683.368036  0.782244  0.392785   ...    0.110500  0.155282  0.016736   \n",
       "2272    6.309048  0.843965  0.199944   ...    0.214582  0.175978  0.047761   \n",
       "3162    5.118927  0.948999  0.659825   ...    0.146023  0.195640  0.039506   \n",
       "2733    6.555623  0.887627  0.302533   ...    0.195983  0.158865  0.048632   \n",
       "428    14.276294  0.921860  0.580524   ...    0.182306  0.107974  0.029466   \n",
       "\n",
       "        maxfun   meandom    mindom    maxdom   dfrange   modindx   label  \n",
       "2029  0.275862  0.007812  0.007812  0.007812  0.000000  0.000000  female  \n",
       "2272  0.271186  0.984809  0.210938  6.445312  6.234375  0.152111  female  \n",
       "3162  0.275862  0.533854  0.007812  2.992188  2.984375  0.258924  female  \n",
       "2733  0.277457  0.473895  0.023438  1.007812  0.984375  0.222008  female  \n",
       "428   0.231884  0.670759  0.132812  4.265625  4.132812  0.181765    male  \n",
       "\n",
       "[5 rows x 21 columns]"
      ]
     },
     "execution_count": 20,
     "metadata": {},
     "output_type": "execute_result"
    }
   ],
   "source": [
    "df.sample(5)"
   ]
  },
  {
   "cell_type": "code",
   "execution_count": 21,
   "metadata": {},
   "outputs": [
    {
     "name": "stdout",
     "output_type": "stream",
     "text": [
      "<class 'pandas.core.frame.DataFrame'>\n",
      "RangeIndex: 3168 entries, 0 to 3167\n",
      "Data columns (total 21 columns):\n",
      "meanfreq    3168 non-null float64\n",
      "sd          3168 non-null float64\n",
      "median      3168 non-null float64\n",
      "Q25         3168 non-null float64\n",
      "Q75         3168 non-null float64\n",
      "IQR         3168 non-null float64\n",
      "skew        3168 non-null float64\n",
      "kurt        3168 non-null float64\n",
      "sp.ent      3168 non-null float64\n",
      "sfm         3168 non-null float64\n",
      "mode        3168 non-null float64\n",
      "centroid    3168 non-null float64\n",
      "meanfun     3168 non-null float64\n",
      "minfun      3168 non-null float64\n",
      "maxfun      3168 non-null float64\n",
      "meandom     3168 non-null float64\n",
      "mindom      3168 non-null float64\n",
      "maxdom      3168 non-null float64\n",
      "dfrange     3168 non-null float64\n",
      "modindx     3168 non-null float64\n",
      "label       3168 non-null object\n",
      "dtypes: float64(20), object(1)\n",
      "memory usage: 519.8+ KB\n"
     ]
    }
   ],
   "source": [
    "df.info()\n"
   ]
  },
  {
   "cell_type": "code",
   "execution_count": 22,
   "metadata": {},
   "outputs": [
    {
     "data": {
      "text/html": [
       "<div>\n",
       "<style scoped>\n",
       "    .dataframe tbody tr th:only-of-type {\n",
       "        vertical-align: middle;\n",
       "    }\n",
       "\n",
       "    .dataframe tbody tr th {\n",
       "        vertical-align: top;\n",
       "    }\n",
       "\n",
       "    .dataframe thead th {\n",
       "        text-align: right;\n",
       "    }\n",
       "</style>\n",
       "<table border=\"1\" class=\"dataframe\">\n",
       "  <thead>\n",
       "    <tr style=\"text-align: right;\">\n",
       "      <th></th>\n",
       "      <th>meanfreq</th>\n",
       "      <th>sd</th>\n",
       "      <th>median</th>\n",
       "      <th>Q25</th>\n",
       "      <th>Q75</th>\n",
       "      <th>IQR</th>\n",
       "      <th>skew</th>\n",
       "      <th>kurt</th>\n",
       "      <th>sp.ent</th>\n",
       "      <th>sfm</th>\n",
       "      <th>mode</th>\n",
       "      <th>centroid</th>\n",
       "      <th>meanfun</th>\n",
       "      <th>minfun</th>\n",
       "      <th>maxfun</th>\n",
       "      <th>meandom</th>\n",
       "      <th>mindom</th>\n",
       "      <th>maxdom</th>\n",
       "      <th>dfrange</th>\n",
       "      <th>modindx</th>\n",
       "    </tr>\n",
       "  </thead>\n",
       "  <tbody>\n",
       "    <tr>\n",
       "      <th>meanfreq</th>\n",
       "      <td>1.000000</td>\n",
       "      <td>-0.739039</td>\n",
       "      <td>0.925445</td>\n",
       "      <td>0.911416</td>\n",
       "      <td>0.740997</td>\n",
       "      <td>-0.627605</td>\n",
       "      <td>-0.322327</td>\n",
       "      <td>-0.316036</td>\n",
       "      <td>-0.601203</td>\n",
       "      <td>-0.784332</td>\n",
       "      <td>0.687715</td>\n",
       "      <td>1.000000</td>\n",
       "      <td>0.460844</td>\n",
       "      <td>0.383937</td>\n",
       "      <td>0.274004</td>\n",
       "      <td>0.536666</td>\n",
       "      <td>0.229261</td>\n",
       "      <td>0.519528</td>\n",
       "      <td>0.515570</td>\n",
       "      <td>-0.216979</td>\n",
       "    </tr>\n",
       "    <tr>\n",
       "      <th>sd</th>\n",
       "      <td>-0.739039</td>\n",
       "      <td>1.000000</td>\n",
       "      <td>-0.562603</td>\n",
       "      <td>-0.846931</td>\n",
       "      <td>-0.161076</td>\n",
       "      <td>0.874660</td>\n",
       "      <td>0.314597</td>\n",
       "      <td>0.346241</td>\n",
       "      <td>0.716620</td>\n",
       "      <td>0.838086</td>\n",
       "      <td>-0.529150</td>\n",
       "      <td>-0.739039</td>\n",
       "      <td>-0.466281</td>\n",
       "      <td>-0.345609</td>\n",
       "      <td>-0.129662</td>\n",
       "      <td>-0.482726</td>\n",
       "      <td>-0.357667</td>\n",
       "      <td>-0.482278</td>\n",
       "      <td>-0.475999</td>\n",
       "      <td>0.122660</td>\n",
       "    </tr>\n",
       "    <tr>\n",
       "      <th>median</th>\n",
       "      <td>0.925445</td>\n",
       "      <td>-0.562603</td>\n",
       "      <td>1.000000</td>\n",
       "      <td>0.774922</td>\n",
       "      <td>0.731849</td>\n",
       "      <td>-0.477352</td>\n",
       "      <td>-0.257407</td>\n",
       "      <td>-0.243382</td>\n",
       "      <td>-0.502005</td>\n",
       "      <td>-0.661690</td>\n",
       "      <td>0.677433</td>\n",
       "      <td>0.925445</td>\n",
       "      <td>0.414909</td>\n",
       "      <td>0.337602</td>\n",
       "      <td>0.251328</td>\n",
       "      <td>0.455943</td>\n",
       "      <td>0.191169</td>\n",
       "      <td>0.438919</td>\n",
       "      <td>0.435621</td>\n",
       "      <td>-0.213298</td>\n",
       "    </tr>\n",
       "    <tr>\n",
       "      <th>Q25</th>\n",
       "      <td>0.911416</td>\n",
       "      <td>-0.846931</td>\n",
       "      <td>0.774922</td>\n",
       "      <td>1.000000</td>\n",
       "      <td>0.477140</td>\n",
       "      <td>-0.874189</td>\n",
       "      <td>-0.319475</td>\n",
       "      <td>-0.350182</td>\n",
       "      <td>-0.648126</td>\n",
       "      <td>-0.766875</td>\n",
       "      <td>0.591277</td>\n",
       "      <td>0.911416</td>\n",
       "      <td>0.545035</td>\n",
       "      <td>0.320994</td>\n",
       "      <td>0.199841</td>\n",
       "      <td>0.467403</td>\n",
       "      <td>0.302255</td>\n",
       "      <td>0.459683</td>\n",
       "      <td>0.454394</td>\n",
       "      <td>-0.141377</td>\n",
       "    </tr>\n",
       "    <tr>\n",
       "      <th>Q75</th>\n",
       "      <td>0.740997</td>\n",
       "      <td>-0.161076</td>\n",
       "      <td>0.731849</td>\n",
       "      <td>0.477140</td>\n",
       "      <td>1.000000</td>\n",
       "      <td>0.009636</td>\n",
       "      <td>-0.206339</td>\n",
       "      <td>-0.148881</td>\n",
       "      <td>-0.174905</td>\n",
       "      <td>-0.378198</td>\n",
       "      <td>0.486857</td>\n",
       "      <td>0.740997</td>\n",
       "      <td>0.155091</td>\n",
       "      <td>0.258002</td>\n",
       "      <td>0.285584</td>\n",
       "      <td>0.359181</td>\n",
       "      <td>-0.023750</td>\n",
       "      <td>0.335114</td>\n",
       "      <td>0.335648</td>\n",
       "      <td>-0.216475</td>\n",
       "    </tr>\n",
       "    <tr>\n",
       "      <th>IQR</th>\n",
       "      <td>-0.627605</td>\n",
       "      <td>0.874660</td>\n",
       "      <td>-0.477352</td>\n",
       "      <td>-0.874189</td>\n",
       "      <td>0.009636</td>\n",
       "      <td>1.000000</td>\n",
       "      <td>0.249497</td>\n",
       "      <td>0.316185</td>\n",
       "      <td>0.640813</td>\n",
       "      <td>0.663601</td>\n",
       "      <td>-0.403764</td>\n",
       "      <td>-0.627605</td>\n",
       "      <td>-0.534462</td>\n",
       "      <td>-0.222680</td>\n",
       "      <td>-0.069588</td>\n",
       "      <td>-0.333362</td>\n",
       "      <td>-0.357037</td>\n",
       "      <td>-0.337877</td>\n",
       "      <td>-0.331563</td>\n",
       "      <td>0.041252</td>\n",
       "    </tr>\n",
       "    <tr>\n",
       "      <th>skew</th>\n",
       "      <td>-0.322327</td>\n",
       "      <td>0.314597</td>\n",
       "      <td>-0.257407</td>\n",
       "      <td>-0.319475</td>\n",
       "      <td>-0.206339</td>\n",
       "      <td>0.249497</td>\n",
       "      <td>1.000000</td>\n",
       "      <td>0.977020</td>\n",
       "      <td>-0.195459</td>\n",
       "      <td>0.079694</td>\n",
       "      <td>-0.434859</td>\n",
       "      <td>-0.322327</td>\n",
       "      <td>-0.167668</td>\n",
       "      <td>-0.216954</td>\n",
       "      <td>-0.080861</td>\n",
       "      <td>-0.336848</td>\n",
       "      <td>-0.061608</td>\n",
       "      <td>-0.305651</td>\n",
       "      <td>-0.304640</td>\n",
       "      <td>-0.169325</td>\n",
       "    </tr>\n",
       "    <tr>\n",
       "      <th>kurt</th>\n",
       "      <td>-0.316036</td>\n",
       "      <td>0.346241</td>\n",
       "      <td>-0.243382</td>\n",
       "      <td>-0.350182</td>\n",
       "      <td>-0.148881</td>\n",
       "      <td>0.316185</td>\n",
       "      <td>0.977020</td>\n",
       "      <td>1.000000</td>\n",
       "      <td>-0.127644</td>\n",
       "      <td>0.109884</td>\n",
       "      <td>-0.406722</td>\n",
       "      <td>-0.316036</td>\n",
       "      <td>-0.194560</td>\n",
       "      <td>-0.203201</td>\n",
       "      <td>-0.045667</td>\n",
       "      <td>-0.303234</td>\n",
       "      <td>-0.103313</td>\n",
       "      <td>-0.274500</td>\n",
       "      <td>-0.272729</td>\n",
       "      <td>-0.205539</td>\n",
       "    </tr>\n",
       "    <tr>\n",
       "      <th>sp.ent</th>\n",
       "      <td>-0.601203</td>\n",
       "      <td>0.716620</td>\n",
       "      <td>-0.502005</td>\n",
       "      <td>-0.648126</td>\n",
       "      <td>-0.174905</td>\n",
       "      <td>0.640813</td>\n",
       "      <td>-0.195459</td>\n",
       "      <td>-0.127644</td>\n",
       "      <td>1.000000</td>\n",
       "      <td>0.866411</td>\n",
       "      <td>-0.325298</td>\n",
       "      <td>-0.601203</td>\n",
       "      <td>-0.513194</td>\n",
       "      <td>-0.305826</td>\n",
       "      <td>-0.120738</td>\n",
       "      <td>-0.293562</td>\n",
       "      <td>-0.294869</td>\n",
       "      <td>-0.324253</td>\n",
       "      <td>-0.319054</td>\n",
       "      <td>0.198074</td>\n",
       "    </tr>\n",
       "    <tr>\n",
       "      <th>sfm</th>\n",
       "      <td>-0.784332</td>\n",
       "      <td>0.838086</td>\n",
       "      <td>-0.661690</td>\n",
       "      <td>-0.766875</td>\n",
       "      <td>-0.378198</td>\n",
       "      <td>0.663601</td>\n",
       "      <td>0.079694</td>\n",
       "      <td>0.109884</td>\n",
       "      <td>0.866411</td>\n",
       "      <td>1.000000</td>\n",
       "      <td>-0.485913</td>\n",
       "      <td>-0.784332</td>\n",
       "      <td>-0.421066</td>\n",
       "      <td>-0.362100</td>\n",
       "      <td>-0.192369</td>\n",
       "      <td>-0.428442</td>\n",
       "      <td>-0.289593</td>\n",
       "      <td>-0.436649</td>\n",
       "      <td>-0.431580</td>\n",
       "      <td>0.211477</td>\n",
       "    </tr>\n",
       "    <tr>\n",
       "      <th>mode</th>\n",
       "      <td>0.687715</td>\n",
       "      <td>-0.529150</td>\n",
       "      <td>0.677433</td>\n",
       "      <td>0.591277</td>\n",
       "      <td>0.486857</td>\n",
       "      <td>-0.403764</td>\n",
       "      <td>-0.434859</td>\n",
       "      <td>-0.406722</td>\n",
       "      <td>-0.325298</td>\n",
       "      <td>-0.485913</td>\n",
       "      <td>1.000000</td>\n",
       "      <td>0.687715</td>\n",
       "      <td>0.324771</td>\n",
       "      <td>0.385467</td>\n",
       "      <td>0.172329</td>\n",
       "      <td>0.491479</td>\n",
       "      <td>0.198150</td>\n",
       "      <td>0.477187</td>\n",
       "      <td>0.473775</td>\n",
       "      <td>-0.182344</td>\n",
       "    </tr>\n",
       "    <tr>\n",
       "      <th>centroid</th>\n",
       "      <td>1.000000</td>\n",
       "      <td>-0.739039</td>\n",
       "      <td>0.925445</td>\n",
       "      <td>0.911416</td>\n",
       "      <td>0.740997</td>\n",
       "      <td>-0.627605</td>\n",
       "      <td>-0.322327</td>\n",
       "      <td>-0.316036</td>\n",
       "      <td>-0.601203</td>\n",
       "      <td>-0.784332</td>\n",
       "      <td>0.687715</td>\n",
       "      <td>1.000000</td>\n",
       "      <td>0.460844</td>\n",
       "      <td>0.383937</td>\n",
       "      <td>0.274004</td>\n",
       "      <td>0.536666</td>\n",
       "      <td>0.229261</td>\n",
       "      <td>0.519528</td>\n",
       "      <td>0.515570</td>\n",
       "      <td>-0.216979</td>\n",
       "    </tr>\n",
       "    <tr>\n",
       "      <th>meanfun</th>\n",
       "      <td>0.460844</td>\n",
       "      <td>-0.466281</td>\n",
       "      <td>0.414909</td>\n",
       "      <td>0.545035</td>\n",
       "      <td>0.155091</td>\n",
       "      <td>-0.534462</td>\n",
       "      <td>-0.167668</td>\n",
       "      <td>-0.194560</td>\n",
       "      <td>-0.513194</td>\n",
       "      <td>-0.421066</td>\n",
       "      <td>0.324771</td>\n",
       "      <td>0.460844</td>\n",
       "      <td>1.000000</td>\n",
       "      <td>0.339387</td>\n",
       "      <td>0.311950</td>\n",
       "      <td>0.270840</td>\n",
       "      <td>0.162163</td>\n",
       "      <td>0.277982</td>\n",
       "      <td>0.275154</td>\n",
       "      <td>-0.054858</td>\n",
       "    </tr>\n",
       "    <tr>\n",
       "      <th>minfun</th>\n",
       "      <td>0.383937</td>\n",
       "      <td>-0.345609</td>\n",
       "      <td>0.337602</td>\n",
       "      <td>0.320994</td>\n",
       "      <td>0.258002</td>\n",
       "      <td>-0.222680</td>\n",
       "      <td>-0.216954</td>\n",
       "      <td>-0.203201</td>\n",
       "      <td>-0.305826</td>\n",
       "      <td>-0.362100</td>\n",
       "      <td>0.385467</td>\n",
       "      <td>0.383937</td>\n",
       "      <td>0.339387</td>\n",
       "      <td>1.000000</td>\n",
       "      <td>0.213987</td>\n",
       "      <td>0.375979</td>\n",
       "      <td>0.082015</td>\n",
       "      <td>0.317860</td>\n",
       "      <td>0.316486</td>\n",
       "      <td>0.002042</td>\n",
       "    </tr>\n",
       "    <tr>\n",
       "      <th>maxfun</th>\n",
       "      <td>0.274004</td>\n",
       "      <td>-0.129662</td>\n",
       "      <td>0.251328</td>\n",
       "      <td>0.199841</td>\n",
       "      <td>0.285584</td>\n",
       "      <td>-0.069588</td>\n",
       "      <td>-0.080861</td>\n",
       "      <td>-0.045667</td>\n",
       "      <td>-0.120738</td>\n",
       "      <td>-0.192369</td>\n",
       "      <td>0.172329</td>\n",
       "      <td>0.274004</td>\n",
       "      <td>0.311950</td>\n",
       "      <td>0.213987</td>\n",
       "      <td>1.000000</td>\n",
       "      <td>0.337553</td>\n",
       "      <td>-0.243426</td>\n",
       "      <td>0.355390</td>\n",
       "      <td>0.359880</td>\n",
       "      <td>-0.363029</td>\n",
       "    </tr>\n",
       "    <tr>\n",
       "      <th>meandom</th>\n",
       "      <td>0.536666</td>\n",
       "      <td>-0.482726</td>\n",
       "      <td>0.455943</td>\n",
       "      <td>0.467403</td>\n",
       "      <td>0.359181</td>\n",
       "      <td>-0.333362</td>\n",
       "      <td>-0.336848</td>\n",
       "      <td>-0.303234</td>\n",
       "      <td>-0.293562</td>\n",
       "      <td>-0.428442</td>\n",
       "      <td>0.491479</td>\n",
       "      <td>0.536666</td>\n",
       "      <td>0.270840</td>\n",
       "      <td>0.375979</td>\n",
       "      <td>0.337553</td>\n",
       "      <td>1.000000</td>\n",
       "      <td>0.099656</td>\n",
       "      <td>0.812838</td>\n",
       "      <td>0.811304</td>\n",
       "      <td>-0.180954</td>\n",
       "    </tr>\n",
       "    <tr>\n",
       "      <th>mindom</th>\n",
       "      <td>0.229261</td>\n",
       "      <td>-0.357667</td>\n",
       "      <td>0.191169</td>\n",
       "      <td>0.302255</td>\n",
       "      <td>-0.023750</td>\n",
       "      <td>-0.357037</td>\n",
       "      <td>-0.061608</td>\n",
       "      <td>-0.103313</td>\n",
       "      <td>-0.294869</td>\n",
       "      <td>-0.289593</td>\n",
       "      <td>0.198150</td>\n",
       "      <td>0.229261</td>\n",
       "      <td>0.162163</td>\n",
       "      <td>0.082015</td>\n",
       "      <td>-0.243426</td>\n",
       "      <td>0.099656</td>\n",
       "      <td>1.000000</td>\n",
       "      <td>0.026640</td>\n",
       "      <td>0.008666</td>\n",
       "      <td>0.200212</td>\n",
       "    </tr>\n",
       "    <tr>\n",
       "      <th>maxdom</th>\n",
       "      <td>0.519528</td>\n",
       "      <td>-0.482278</td>\n",
       "      <td>0.438919</td>\n",
       "      <td>0.459683</td>\n",
       "      <td>0.335114</td>\n",
       "      <td>-0.337877</td>\n",
       "      <td>-0.305651</td>\n",
       "      <td>-0.274500</td>\n",
       "      <td>-0.324253</td>\n",
       "      <td>-0.436649</td>\n",
       "      <td>0.477187</td>\n",
       "      <td>0.519528</td>\n",
       "      <td>0.277982</td>\n",
       "      <td>0.317860</td>\n",
       "      <td>0.355390</td>\n",
       "      <td>0.812838</td>\n",
       "      <td>0.026640</td>\n",
       "      <td>1.000000</td>\n",
       "      <td>0.999838</td>\n",
       "      <td>-0.425531</td>\n",
       "    </tr>\n",
       "    <tr>\n",
       "      <th>dfrange</th>\n",
       "      <td>0.515570</td>\n",
       "      <td>-0.475999</td>\n",
       "      <td>0.435621</td>\n",
       "      <td>0.454394</td>\n",
       "      <td>0.335648</td>\n",
       "      <td>-0.331563</td>\n",
       "      <td>-0.304640</td>\n",
       "      <td>-0.272729</td>\n",
       "      <td>-0.319054</td>\n",
       "      <td>-0.431580</td>\n",
       "      <td>0.473775</td>\n",
       "      <td>0.515570</td>\n",
       "      <td>0.275154</td>\n",
       "      <td>0.316486</td>\n",
       "      <td>0.359880</td>\n",
       "      <td>0.811304</td>\n",
       "      <td>0.008666</td>\n",
       "      <td>0.999838</td>\n",
       "      <td>1.000000</td>\n",
       "      <td>-0.429266</td>\n",
       "    </tr>\n",
       "    <tr>\n",
       "      <th>modindx</th>\n",
       "      <td>-0.216979</td>\n",
       "      <td>0.122660</td>\n",
       "      <td>-0.213298</td>\n",
       "      <td>-0.141377</td>\n",
       "      <td>-0.216475</td>\n",
       "      <td>0.041252</td>\n",
       "      <td>-0.169325</td>\n",
       "      <td>-0.205539</td>\n",
       "      <td>0.198074</td>\n",
       "      <td>0.211477</td>\n",
       "      <td>-0.182344</td>\n",
       "      <td>-0.216979</td>\n",
       "      <td>-0.054858</td>\n",
       "      <td>0.002042</td>\n",
       "      <td>-0.363029</td>\n",
       "      <td>-0.180954</td>\n",
       "      <td>0.200212</td>\n",
       "      <td>-0.425531</td>\n",
       "      <td>-0.429266</td>\n",
       "      <td>1.000000</td>\n",
       "    </tr>\n",
       "  </tbody>\n",
       "</table>\n",
       "</div>"
      ],
      "text/plain": [
       "          meanfreq        sd    median       Q25       Q75       IQR  \\\n",
       "meanfreq  1.000000 -0.739039  0.925445  0.911416  0.740997 -0.627605   \n",
       "sd       -0.739039  1.000000 -0.562603 -0.846931 -0.161076  0.874660   \n",
       "median    0.925445 -0.562603  1.000000  0.774922  0.731849 -0.477352   \n",
       "Q25       0.911416 -0.846931  0.774922  1.000000  0.477140 -0.874189   \n",
       "Q75       0.740997 -0.161076  0.731849  0.477140  1.000000  0.009636   \n",
       "IQR      -0.627605  0.874660 -0.477352 -0.874189  0.009636  1.000000   \n",
       "skew     -0.322327  0.314597 -0.257407 -0.319475 -0.206339  0.249497   \n",
       "kurt     -0.316036  0.346241 -0.243382 -0.350182 -0.148881  0.316185   \n",
       "sp.ent   -0.601203  0.716620 -0.502005 -0.648126 -0.174905  0.640813   \n",
       "sfm      -0.784332  0.838086 -0.661690 -0.766875 -0.378198  0.663601   \n",
       "mode      0.687715 -0.529150  0.677433  0.591277  0.486857 -0.403764   \n",
       "centroid  1.000000 -0.739039  0.925445  0.911416  0.740997 -0.627605   \n",
       "meanfun   0.460844 -0.466281  0.414909  0.545035  0.155091 -0.534462   \n",
       "minfun    0.383937 -0.345609  0.337602  0.320994  0.258002 -0.222680   \n",
       "maxfun    0.274004 -0.129662  0.251328  0.199841  0.285584 -0.069588   \n",
       "meandom   0.536666 -0.482726  0.455943  0.467403  0.359181 -0.333362   \n",
       "mindom    0.229261 -0.357667  0.191169  0.302255 -0.023750 -0.357037   \n",
       "maxdom    0.519528 -0.482278  0.438919  0.459683  0.335114 -0.337877   \n",
       "dfrange   0.515570 -0.475999  0.435621  0.454394  0.335648 -0.331563   \n",
       "modindx  -0.216979  0.122660 -0.213298 -0.141377 -0.216475  0.041252   \n",
       "\n",
       "              skew      kurt    sp.ent       sfm      mode  centroid  \\\n",
       "meanfreq -0.322327 -0.316036 -0.601203 -0.784332  0.687715  1.000000   \n",
       "sd        0.314597  0.346241  0.716620  0.838086 -0.529150 -0.739039   \n",
       "median   -0.257407 -0.243382 -0.502005 -0.661690  0.677433  0.925445   \n",
       "Q25      -0.319475 -0.350182 -0.648126 -0.766875  0.591277  0.911416   \n",
       "Q75      -0.206339 -0.148881 -0.174905 -0.378198  0.486857  0.740997   \n",
       "IQR       0.249497  0.316185  0.640813  0.663601 -0.403764 -0.627605   \n",
       "skew      1.000000  0.977020 -0.195459  0.079694 -0.434859 -0.322327   \n",
       "kurt      0.977020  1.000000 -0.127644  0.109884 -0.406722 -0.316036   \n",
       "sp.ent   -0.195459 -0.127644  1.000000  0.866411 -0.325298 -0.601203   \n",
       "sfm       0.079694  0.109884  0.866411  1.000000 -0.485913 -0.784332   \n",
       "mode     -0.434859 -0.406722 -0.325298 -0.485913  1.000000  0.687715   \n",
       "centroid -0.322327 -0.316036 -0.601203 -0.784332  0.687715  1.000000   \n",
       "meanfun  -0.167668 -0.194560 -0.513194 -0.421066  0.324771  0.460844   \n",
       "minfun   -0.216954 -0.203201 -0.305826 -0.362100  0.385467  0.383937   \n",
       "maxfun   -0.080861 -0.045667 -0.120738 -0.192369  0.172329  0.274004   \n",
       "meandom  -0.336848 -0.303234 -0.293562 -0.428442  0.491479  0.536666   \n",
       "mindom   -0.061608 -0.103313 -0.294869 -0.289593  0.198150  0.229261   \n",
       "maxdom   -0.305651 -0.274500 -0.324253 -0.436649  0.477187  0.519528   \n",
       "dfrange  -0.304640 -0.272729 -0.319054 -0.431580  0.473775  0.515570   \n",
       "modindx  -0.169325 -0.205539  0.198074  0.211477 -0.182344 -0.216979   \n",
       "\n",
       "           meanfun    minfun    maxfun   meandom    mindom    maxdom  \\\n",
       "meanfreq  0.460844  0.383937  0.274004  0.536666  0.229261  0.519528   \n",
       "sd       -0.466281 -0.345609 -0.129662 -0.482726 -0.357667 -0.482278   \n",
       "median    0.414909  0.337602  0.251328  0.455943  0.191169  0.438919   \n",
       "Q25       0.545035  0.320994  0.199841  0.467403  0.302255  0.459683   \n",
       "Q75       0.155091  0.258002  0.285584  0.359181 -0.023750  0.335114   \n",
       "IQR      -0.534462 -0.222680 -0.069588 -0.333362 -0.357037 -0.337877   \n",
       "skew     -0.167668 -0.216954 -0.080861 -0.336848 -0.061608 -0.305651   \n",
       "kurt     -0.194560 -0.203201 -0.045667 -0.303234 -0.103313 -0.274500   \n",
       "sp.ent   -0.513194 -0.305826 -0.120738 -0.293562 -0.294869 -0.324253   \n",
       "sfm      -0.421066 -0.362100 -0.192369 -0.428442 -0.289593 -0.436649   \n",
       "mode      0.324771  0.385467  0.172329  0.491479  0.198150  0.477187   \n",
       "centroid  0.460844  0.383937  0.274004  0.536666  0.229261  0.519528   \n",
       "meanfun   1.000000  0.339387  0.311950  0.270840  0.162163  0.277982   \n",
       "minfun    0.339387  1.000000  0.213987  0.375979  0.082015  0.317860   \n",
       "maxfun    0.311950  0.213987  1.000000  0.337553 -0.243426  0.355390   \n",
       "meandom   0.270840  0.375979  0.337553  1.000000  0.099656  0.812838   \n",
       "mindom    0.162163  0.082015 -0.243426  0.099656  1.000000  0.026640   \n",
       "maxdom    0.277982  0.317860  0.355390  0.812838  0.026640  1.000000   \n",
       "dfrange   0.275154  0.316486  0.359880  0.811304  0.008666  0.999838   \n",
       "modindx  -0.054858  0.002042 -0.363029 -0.180954  0.200212 -0.425531   \n",
       "\n",
       "           dfrange   modindx  \n",
       "meanfreq  0.515570 -0.216979  \n",
       "sd       -0.475999  0.122660  \n",
       "median    0.435621 -0.213298  \n",
       "Q25       0.454394 -0.141377  \n",
       "Q75       0.335648 -0.216475  \n",
       "IQR      -0.331563  0.041252  \n",
       "skew     -0.304640 -0.169325  \n",
       "kurt     -0.272729 -0.205539  \n",
       "sp.ent   -0.319054  0.198074  \n",
       "sfm      -0.431580  0.211477  \n",
       "mode      0.473775 -0.182344  \n",
       "centroid  0.515570 -0.216979  \n",
       "meanfun   0.275154 -0.054858  \n",
       "minfun    0.316486  0.002042  \n",
       "maxfun    0.359880 -0.363029  \n",
       "meandom   0.811304 -0.180954  \n",
       "mindom    0.008666  0.200212  \n",
       "maxdom    0.999838 -0.425531  \n",
       "dfrange   1.000000 -0.429266  \n",
       "modindx  -0.429266  1.000000  "
      ]
     },
     "execution_count": 22,
     "metadata": {},
     "output_type": "execute_result"
    }
   ],
   "source": [
    "df.corr()"
   ]
  },
  {
   "cell_type": "code",
   "execution_count": 23,
   "metadata": {},
   "outputs": [
    {
     "data": {
      "text/plain": [
       "<matplotlib.axes._subplots.AxesSubplot at 0x202dcd9d400>"
      ]
     },
     "execution_count": 23,
     "metadata": {},
     "output_type": "execute_result"
    },
    {
     "data": {
